Cafeine_conf0
     RDKit          3D

 24 25  0  0  0  0  0  0  0  0999 V2000
    3.3212   -0.0111   -0.2775 C   0  0  0  0  0  0  0  0  0  0  0  0
    2.0415   -0.6704   -0.2178 N   0  0  0  0  0  0  0  0  0  0  0  0
    1.8225   -2.0205   -0.2957 C   0  0  0  0  0  0  0  0  0  0  0  0
    0.5393   -2.3107   -0.2095 N   0  0  0  0  0  0  0  0  0  0  0  0
   -0.0730   -1.1016   -0.0724 C   0  0  0  0  0  0  0  0  0  0  0  0
    0.8214   -0.0748   -0.0738 C   0  0  0  0  0  0  0  0  0  0  0  0
    0.4422    1.2887    0.0549 C   0  0  0  0  0  0  0  0  0  0  0  0
    1.2566    2.2071    0.0524 O   0  0  0  0  0  0  0  0  0  0  0  0
   -0.9399    1.4562    0.1820 N   0  0  0  0  0  0  0  0  0  0  0  0
   -1.8971    0.4198    0.1880 C   0  0  0  0  0  0  0  0  0  0  0  0
   -3.1007    0.6689    0.3060 O   0  0  0  0  0  0  0  0  0  0  0  0
   -1.4237   -0.8860    0.0555 N   0  0  0  0  0  0  0  0  0  0  0  0
   -2.3430   -2.0093    0.0522 C   0  0  0  0  0  0  0  0  0  0  0  0
   -1.4546    2.8044    0.3209 C   0  0  0  0  0  0  0  0  0  0  0  0
    3.3237    0.6672   -1.1344 H   0  0  0  0  0  0  0  0  0  0  0  0
    3.4727    0.5398    0.6541 H   0  0  0  0  0  0  0  0  0  0  0  0
    4.1108   -0.7575   -0.3964 H   0  0  0  0  0  0  0  0  0  0  0  0
    2.6226   -2.7407   -0.4136 H   0  0  0  0  0  0  0  0  0  0  0  0
   -2.2429   -2.5500   -0.8943 H   0  0  0  0  0  0  0  0  0  0  0  0
   -2.0948   -2.6766    0.8836 H   0  0  0  0  0  0  0  0  0  0  0  0
   -3.3817   -1.6869    0.1617 H   0  0  0  0  0  0  0  0  0  0  0  0
   -2.1522    3.0047   -0.4992 H   0  0  0  0  0  0  0  0  0  0  0  0
   -0.6657    3.5603    0.3090 H   0  0  0  0  0  0  0  0  0  0  0  0
   -2.0052    2.8791    1.2645 H   0  0  0  0  0  0  0  0  0  0  0  0
  1  2  1  0
  2  3  1  0
  3  4  2  0
  4  5  1  0
  5  6  2  0
  6  7  1  0
  7  8  2  0
  7  9  1  0
  9 10  1  0
 10 11  2  0
 10 12  1  0
 12 13  1  0
  9 14  1  0
  6  2  1  0
 12  5  1  0
  1 15  1  0
  1 16  1  0
  1 17  1  0
  3 18  1  0
 13 19  1  0
 13 20  1  0
 13 21  1  0
 14 22  1  0
 14 23  1  0
 14 24  1  0
M  END
