Willem001_conf0
     RDKit          3D

 14 13  0  0  0  0  0  0  0  0999 V2000
    1.5448   -0.3667    0.4261 C   0  0  0  0  0  0  0  0  0  0  0  0
    0.6684    0.7536   -0.1124 C   0  0  0  0  0  0  0  0  0  0  0  0
   -0.8172    0.5665    0.1969 C   0  0  0  0  0  0  0  0  0  0  0  0
   -1.4310   -0.6433   -0.4908 C   0  0  0  0  0  0  0  0  0  0  0  0
    2.6004   -0.1337    0.2534 H   0  0  0  0  0  0  0  0  0  0  0  0
    1.3302   -1.3176   -0.0703 H   0  0  0  0  0  0  0  0  0  0  0  0
    1.3987   -0.4969    1.5030 H   0  0  0  0  0  0  0  0  0  0  0  0
    0.9998    1.6998    0.3318 H   0  0  0  0  0  0  0  0  0  0  0  0
    0.8158    0.8431   -1.1950 H   0  0  0  0  0  0  0  0  0  0  0  0
   -0.9654    0.4840    1.2799 H   0  0  0  0  0  0  0  0  0  0  0  0
   -1.3562    1.4639   -0.1293 H   0  0  0  0  0  0  0  0  0  0  0  0
   -2.5095   -0.6736   -0.3051 H   0  0  0  0  0  0  0  0  0  0  0  0
   -1.2749   -0.6013   -1.5733 H   0  0  0  0  0  0  0  0  0  0  0  0
   -1.0040   -1.5777   -0.1150 H   0  0  0  0  0  0  0  0  0  0  0  0
  1  2  1  0
  2  3  1  0
  3  4  1  0
  1  5  1  0
  1  6  1  0
  1  7  1  0
  2  8  1  0
  2  9  1  0
  3 10  1  0
  3 11  1  0
  4 12  1  0
  4 13  1  0
  4 14  1  0
M  END
